742530022917963776
564628601996185601
748083927349366784
761523643390111744
761484435027955712
272396678349344768
761529196631973888
761529217595113472
397887494169296897
761529007871516673
757825827530690560
760927024588398592
271342712660320256
271012167971651585
761529280496971776
494090374365736960
693050359699247104
747468249642729472
270312960692469760
760851992688353281
270300142928801792
95311468987289601
95307459224285184
761529033062543360
270227187171487744
761529259538128897
581726644475281408
761360774358929409
761529280526376960
488111087829520384
761529112741703680
528998719329697792
410316202573979648
754044624721764352
721464433088851976
721080494859882496
761478290359988225
270181070832541698
761528626193895424
624890113714180096
761526264830111744
269948047851679745
738429885241294848
715071982425911296
760193843497095168
761529196610936832
759692687071076355
720338124031856640
761487291336396800
761521500067360770
761523685303857154
269863629128626176
605378983253929984
269862081396887552
681171151259844611
310789378433753088
761529314076717056
761512662681411584
760827183405203456
760953004098932736
760864206493134848
761391975799005184
761529322477916160
269849288794849280
269849259409551361
761529075009593344
95150093111533568
761528735241601024
739268045571395587
357366662984507394
648103724070518784
269537714930589696
760440003004665856
761518647957487616
269539002548363264
549473671467638784
739034016003674112
761361252518076416
761529297295187968
94065307697680384
761528856909983744
680009027032596480
761517372872265728
761511777700081666
759661162694705156
761526407419662336
759386569975357441
761308970514518016
663369493276659712
761237809957105664
761510968195158016
761524230559236101
94049419695112192
267665495052918785
761480572044611588
733972120234033152
739901112845795328
746427328243240960
761333519771631617
664397382944169984
267710537691963392
760132082349727746
761529188222468096
267623589753282560
267331074802200576
267322908509102080
747751419709526020
761193748759912453
410316181610840064
760822619981639680
267707211587932160
624170765395599360
718783069050826753
752549137229328384
67903500071337984
266284365271687168
761525971228983296
493976037647081472
755827178768596992
593730738345811970
593818676115218433
594460392060887041
463934586892726272
597024592381747202
654424234027053056
758732396963385345
761522317960687616
759727726295080960
761529360188715009
265017001792114688
680973834405556225
761528332609462274
168803753301000192
756280956319887360
756280276817420288
756270210483716096
264855995040280576
761529351829676032
759160710916087809
529649385890529280
747014027486724096
747011074709303296
461818178834685952
658267642562678784
748311082461200384
663345334072946689
659130264082251776
678808487212662784
731629530138476544
717371589264818180
168767770350194688
264427395883335681
264429522412265473
761438616442671104
687005826557542400
719026904930598912
264296642642055169
761514218780758016
356640855446134784
264069240095637505
761520610891689984
761520854165585920
93523646907301888
717248587126677505
761495193417818112
260789785105416193
759942067795525633
260062429868855296
747631689078280193
761528076744417281
738361471936135170
446293700792942592
761529347635351552
288556123693412352
761529372805361664
259928040145043456
760835639084318720
93325067584413696
746645406914797568
746662599358484480
675538880456626176
511740919976955905
458929536508243968
459289701413711872
459989655253819392
615089069651988481
93325017235988480
257864388059480064
760176462284685312
259638494761209856
761070142637813760
761528152254394370
761529079174533120
761526755542827008
761237965112692736
258997118595895296
761527195944808448
629114385991122944
258269327164334080
761529397937528832
716471797810667520
716461442090795012
257481813012926464
759052355270680577
257026206753501186
761529318266834944
256843804873744384
759078498359205889
761528844318806016
256138192879763456
628188153661288448
761103885817700352
255360405361291264
761142804772945921
746421825320550401
761508422227521537
716168386066165760
761529184036331520
761529444091633665
761299172599427072
761526067676839936
761528693328060417
761529427297611777
761529272142102528
759717542533267456
254626376999632897
751392503375462400
481288213529493504
254607276114079746
456374714638663680
745980198672277504
745974456686874624
456035353510420481
254504486339506176
760988894791950336
761362141697957888
757117841594208256
761500641822998529
760538418149335040
761294164625657857
760575000864849920
715497146426986497
715509767108694016
761529435686404096
460877841069273088
730750643082690560
577281747601235968
333660490330931201
722116827699019776
252839850934403073
628702777972293633
755827199731793920
761529179863080960
761529477646028800
700667660376285184
761524469655490560
663869211031289856
761524784232558594
252441010393731072
761529255331237888
760104538359508992
474874854273867778
761447197997236224
252429014675886080
745955326453637122
761480161011331072
454945992106713088
761526784907177984
761387835999920128
5030446907789312
354318796489625602
760382041896607745
712956341925593088
761196005328953344
713616051418832896
761523903437033472
761528303224287232
450564408217845762
283484664923045888
761528580081934336
761520610879021056
761520602507190272
739476980647616513
761529507006124032
754524058830663680
714916759615082496
686671477643571201
760114751502299139
663866417624842240
761501505849622528
168480586334351360
707908832597377024
728386712397844480
761529251157815296
739602566510743552
745572596217872384
756448187410288640
446596558893506560
448702653162205184
755647905822863360
761529276323680256
439572945187246080
760797957457272832
761529397975326720
745560206248026113
614039931611013120
761529477637824512
256397753222066179
761529406342832129
747587992835989508
761529137911648256
706773329663885312
755557250115182592
440051162964697088
761529507014737920
664225831716302848
703452166523117568
724141674096521216
759665180808622080
756302888305995776
761504055961096192
739410777770229760
759797636962541570
761525644064878592
760975456220971008
728564081104322560
451631455936839680
761390545520451584
701504029722066944
593316148172693504
725057567467163648
492274148446449664
761526256403779584
758660363986440192
755729828976979969
761524440307904512
761210588907184128
761529301502160897
761528458438668288
761399240325144581
89937407906033666
754574965085577216
475950466753650688
758512112134152192
745787331991441408
760997103040598016
761529213388283905
761506719348338689
426636436570271744
419446959116541952
693760342128726016
429266432954605570
427348570685992961
745271977850470400
717258821245075456
756006372022423552
91469314561028096
758028110411472897
418216253874909184
761529414748286976
635158294181445632
685572955867365376
760914718508843009
722122620011954177
755790377945214976
757918936885264385
761470778382528513
761397709379080192
755183348889378818
686417529284210689
168461938492313601
565571724792852482
759630179358478336
761526231271563264
442554151621242880
761112039532093441
12610717504
761526105442361344
91091315483361280
755688196277534720
761407566022778882
755364265985474560
761521751750807552
749850903746899968
761348124317069312
761317665289801729
409580949492346880
761529448307056640
759279015429484544
760406897346260994
761520099169828864
761404067939774465
396620059398791168
12606583308
442725841278349313
755349548176928768
761524205422870529
679306078463610880
761522141795713028
759849709213192192
761529125345435648
372841522406096896
761519688149065728
372821414920740864
761528160638730241
12606425980
761529595107549184
332854017933836288
761501421963317248
755192848975294464
724970124625760258
761482082002481153
761529553152012292
720191398872510464
761405112338087941
761517733603217409
745980660041547776
599998064523259904
738521182669000704
759891002140135429
392971530818166784
685208072386641920
388165214954209280
744858507552264193
388594267062427648
761520128563384320
761529553156083712
761416441161625600
757152335529320448
594690902603337728
761526478722899972
761524272514732032
761527908980690944
760529765283442688
760741439240151040
755164843615907840
668843483617214468
12586406015
761352700307050496
636578863011622912
761524037625450496
386407734477746176
761398313362993152
687666949543833600
93376133210456064
232549456577441792
761520858338881536
761174048139124736
676360968222314497
563971576823947264
761524926838808576
761132511921631232
761527527311421440
761525929260617728
761529607661072384
629366597879209986
761526994601476097
761529586714865664
760572241004429313
662877006493851648
747063021164363778
662874603149205504
761106062661431296
761527028168400896
761529624438464512
761343263135662080
718483327318147072
761246223718232064
739061069277057024
590850383943049216
761529364416782336
716344270035271681
761225294157983746
761491137500557312
761529578326073344
739891973461544963
705411841795575808
706367962769260544
382789140611203072
761437777573519364
754702606174392320
761528517146193920
755075035174436864
373619746148601856
728223541376724992
12584786825
739049044199104513
744427706406711296
761529649629392896
761489791149940736
754442081158963201
718078056859045888
629121897989476352
761289261450604545
761353857934983168
758289059034853376
761508942333652992
722079938791268353
761529637012779009
761516106225971200
717752977352761345
662099957151891456
761529649595715585
752981142177918976
761520866744078336
759603532945174528
761522989062053889
628631479015370752
751880338692050944
660541907404251136
761529582491045889
685219111786381313
685211813710032896
761524373169643522
724793468950712321
761020737943588866
761529603475271681
760846301042839553
761529276340510720
761311554201645056
491542443741831168
761526130595729408
749696989546180608
753201586411798528
761189780986081282
761234886502019072
590852879553953792
761528961729912833
402049422357323776
754820482864705536
761529678955937792
744021236406165504
743984620136333313
744075288405938177
761470270859251712
761523404314857472
761529704138567680
761527212730351616
88629829448118272
491222724518223874
685204784039735296
759051067606708224
761527216916299776
761487543015575552
758286773130764288
761523773392596992
754815596525678592
761529678985240576
761521407796867072
761229152884187137
761527355340881920
758672191923847168
761525925074829312
426824605656162304
680188513896280064
736533380339273729
743828227118882816
761529674765836288
727454859692113921
347484815647440897
761315131917754369
761508816512966656
698469807331614720
758349352150630401
761529720932446212
761400641193402372
759831896016625664
760900877297209344
761526927526068224
761522536060444672
754731387484311552
761529674774306816
657225810986848256
761073498093531136
746456491230625792
761529586710564864
725992809195409409
761529750275788800
743741337900486656
576707174077886464
685157224847683585
746459527906729984
168388282298793985
754704799761915905
753201619945140224
620533574039506945
87526169645289472
761529775441588225
760487788680581122
746464305252556800
757770794051207169
684660128512081920
760464027952840704
761502994814734336
761522234070540288
761521118402478080
761527284025200640
746464343001268224
761524725516500993
761527070128082944
761529716742455296
168387166626521088
761523274257801218
761527049160912896
761521747556524032
661690546931503105
761529775462621184
760664339539910659
254258838528749568
761526940104810496
761505012262379520
558372264870416384
761529670592557056
751258507958116352
743443139671658496
761526784907149312
754625292568817668
253891010625683457
756055185307283456
761529255343886336
490151352467611649
755337275656003584
754614219576844288
761526784894570496
761523899238580224
761172341040766977
754560431847374848
605194278675972096
753847823775391744
743400034801070080
743299044382912513
719793950836412417
754613389104672768
761369221674766336
761528768804651008
761529796434145282
761527791527555073
761521860790059009
645674991380529153
761151788967788545
709412134074060800
81290518868398080
761529234384785409
746469762025291776
674638547949740032
761468039497814016
744986807130071040
761507113621331968
761201399191306240
709332790433726464
761518928954744833
761518815712686081
761529829967667200
761527116265558017
761529473451724801
760804613846990848
753232594863468544
761529825760800768
759984337978667008
754455054132838401
761318898427764736
737759652230901760
761425563756089344
760838591899512832
456096011535257600
761511635081043968
760898448795238401
405373936764215296
253174661255413760
761527435007496192
629414945638060032
761529850955988993
629900180494675969
657378089387692032
759563234084986881
752843053107478529
752891472135938048
761504500582539264
761525883148439553
761516907329564672
761529788032884736
761515732928753664
761522041153581056
760721675679825921
742690018825633793
761529783838703616
761497890325880832
85910070780641280
761355095263023104
761528982722314240
683781551847510016
754420165908062209
754432442652438528
709808818784489477
709815332525838336
720888739677929472
85723587826294786
757126272132665344
761349340665409536
757772002006478848
761517452580777984
499403848700919809
761525316888174592
683777902811443200
758710217500659712
761529863513702401
738383622051221505
754333503223959553
761529846732251136
683693588904062977
761526784915484673
761529620252413952
760484059952721921
761529838343774208
683566073644449792
659008000133365761
683550705718824960
753299477251887104
761219526973272068
684487377713246209
761525912504504321
577106929014583296
761528131278606336
761337294653648896
761133224982614016
719803350271721473
693838020630429699
761528810764242944
738328559224135681
760756706485743617
717208997087088640
761529825781698560
506972591882764288
761525161711599616
754793249269841920
683762375460270080
562961252893593601
562654817051357185
761360291993038848
639760347444957184
760506830829355009
742345603552665600
742321276618838016
761529767036411904
749625317283672067
709810630690103296
761529884510257152
641381538211475456
275938986185326592
761526784911376384
752745489376747520
761414658578198528
511402045379997697
761529871919112192
761239739303419904
761529658022080513
761523752416837632
543112745189928960
635006586201640960
759795141330690048
761527757989941250
754189474989535232
761529922254929921
760798435628900352
761481893258768384
761526826862649344
761379220891193345
744201121724497925
761529850951860224
761525484681179137
755970418444427266
745289656829251584
716934928663883776
761519230974033920
502619520922841090
761529695766740992
726856697399103491
761102887569149953
754083321383092224
754084571260518401
761128703531294720
761529662182858752
579691329128701955
557083875365498880
761418253096726528
757370363860832256
757545367009304581
758579195819634688
746460547122597888
693457492408451077
682181458434355200
737656128436244480
83436517720203264
83476883731251200
83332075368873984
761523542718644224
761432018794098688
746470357608054785
746422500590919680
761529783826153472
759797091673583620
628225331984506880
760059114030374912
761502571169193984
761529989372088320
718476025009741824
761525925091635204
761530001925734401
761529892869668864
636890558510661633
634982015964573696
641576111994880000
761522372478246912
760490003294060544
761522330556170244
761444727539404800
761529825785884673
751349276882575360
761529699952713728
761529670600761344
761381561304358912
761495755425247232
761150480324014080
81367098470842368
760792437761511424
745735494571532288
761529993553776640
744184357074546689
626707623086198784
761529968388087808
761527091070312448
538743610054041601
761524373169709056
761226388867350529
746433808447176704
168123072258379776
683642896549990400
761507843434426370
703566238979592193
761406743918186496
760258276374224896
761529637046358016
430660825146089472
759699175650930688
743115967174086656
761351727249444864
503879842144976897
761356324177317889
761405150107807744
746433821025898497
81009924146069504
761524519966117888
761529934816776192
548679651967528961
761527757994135552
761529678968619008
757077404313526272
468374563873497088
678512650393747457
554407963923070976
761490994898595840
559623639692111873
761529959978381313
543668318511456256
724611490645303296
761524603885871105
738006021457641472
502601674150539264
192440371794542592
761486175643181056
481742934770196481
761527082690158592
761520678008860673
718964996978257925
613677791188512768
761165118440779776
682935166449401857
424828611884224512
561682799657099265
738372951775563776
761529871919116289
251941531697700865
761218428069777408
761214959376216064
487566365197217793
745848187135598596
79577917436338177
251677835792617472
538455629124206592
761422443206549504
761522347316695040
761529263753302016
706099934139813888
706834079971323904
761515523179892736
78490288284368896
79564978000109568
700275379701993472
761529972594835456
761530035488645122
725011996354162688
761522259240611840
724863400547876864
738281725630001152
737432181971111936
761529582503821312
603773890217644032
755674053109805056
754433797421010944
761519860090220545
761370203141840896
760723164641030145
745825261070000128
604380655011696641
430201565635289088
730756410250645506
292368574088114176
756049921472471041
755172317886550018
761425815439495169
761523421083762688
761514906655031296
761525925070667776
508364505240584194
429346510627962880
657341355681824768
761522477369470976
761528647186382849
77275793989967873
457216406611066880
663735987365777408
760028072020017153
761523463010017280
761524796798689280
741218887702700032
761490206398697472
692699858470203392
761530131970199553
761530115180273665
761530140346068993
761529926444916736
761514826963255296
761509013640978432
758328498091991040
523357581754904576
526637640745897984
686020383238000641
761528240322195456
761005978158411776
761529947429212160
760443664632086529
760072292563058688
761529825794281472
267658725446266882
520176550319120386
511047593128783872
760768937084813312
704996274362302465
748802818467770368
761239227623477252
674171654780485632
755756651550867462
761522078906355714
660662548186816512
750240500045606916
761394337154498561
761519277115572224
727725056760107008
761529544746602496
567700212441829378
654665339402190848
262510590558363649
761018305234644992
758125456008839168
761367741102108672
262493427470581760
498384527962554369
501195827331616768
727523885340594177
432147378767147008
761239227610886144
761528592643792896
716961126324375552
761526185117442048
761525253998718976
628951651206873088
761479284426805248
761526881376141312
761530148718010368
761530186487726080
760054705833713664
718474452141481985
761530211666169856
714405859820843012
714447056291532800
714405826291630085
714410028971614208
720619968660791296
728603474003296256
735480492594601984
761526025746518016
727542130558787584
528628244808224768
528936870110298112
726743090480844800
761529985140076544
200553606942957569
761260194944864257
649546925348253696
258222522925985792
587671063758299137
761500159444344832
737639179232763904
761530232604012544
719953401514037248
750352848664170497
590509152151015424
759698231945076737
761508002822254592
761507264612007936
486124292153692160
383165185156194304
761296114972758017
760774616172290050
760766164641296384
760765908784525313
761524847117688832
760777967412711424
761530236831948800
280182619382116352
759403582072377344
640152410023825408
761530056472662016
643390937012436992
760759063680524288
668592932660736001
531827928363847682
761424695556206592
712432313989107713
619864934848024576
760563588163665920
761527342728617985
761527342728699905
748095751075438593
761508007016402944
760556319409659904
761529481840427008
694859023275917316
761506207668461569
761412754368368640
637598871623827456
567107691508944896
628518169884274689
696121559115702272
761530215831072769
624556926597120000
761530081646870528
761489300395532288
760881025647992834
761529980949962752
761530232641720321
683687461025910785
399682794718507008
683687393908621312
250610561597972481
257779033968881665
757137806477160448
761518710867697664
761530249381380097
260391909216886784
748257835776086017
761529196636024833
580843051418947584
761436515109134337
167337806304256000
760479769192439809
761530224232148992
761530253605007360
761530245203632128
751166086465355776
693061340382932992
629314559161954305
761524083767083008
594365885990588417
761530110977728512
595321776265125888
597662768309796864
761530295531212800
704964955494158337
761525480470216708
756072830731595776
685551300675768320
761530308122513408
761184647128592384
736783910328115200
752569563498283008
630294310831943681
567358473122635776
425769192915480576
760795386369892352
556083374486323200
760790554544377856
563446592582479872
564794570580717569
468097416840085504
759609409169268736
761530261989457920
761530282965032960
761530236806635520
761502197913825280
745174833583906816
761530144536326144
553608533787545600
626685976283213824
761530165528637443
743939757852368896
685514780870873089
418426417848676352
559229018596057088
760550183146954753
761520657020563457
761530333292556288
761418487956926465
761530329094053889
749824576071340033
761530320718094341
688655844787916800
761527174973169664
761443225982803968
758961464681959424
347625635218329600
685045597636698112
761528886270111744
761524641621946368
761524641617711104
544840970433728512
761524641621876736
761524641605283840
533659962593931265
761405825352994816
623632845907492864
761277982984040448
761188690437681153
760334142932484096
761530102614257664
535873972089675777
761370630960930816
686882128143908865
686911169529958400
686882765669666816
687236974663479297
735498855278510082
757235160454619136
656851058296270848
533081521947959296
754297725806522368
617211513284079616
618246537487908864
247360819057270784
615870111950319617
550556607189225472
761530366847021056
637924672546344960
687998765110697984
761086714332852225
527480918123241472
761528026400169985
521612059239149568
758851590711185409
558827443331403776
761530371032903680
761527757964775424
702447760721780737
322326231024537600
761529234368049153
757517210646482944
761194856072962050
761522959693393920
761259960072278018
761515556738568192
761530387810033665
761530337490984961
738009162991296515
617167716382842881
761530400405544961
756115667187736576
550656117085200384
515588543746670592
761476952364417028
550578425954439168
761530412967530497
758213116991795200
514117303555096576
631401212806623232
758475953051803648
759918403557527552
745383156275097600
761530404595601408
749453094971256832
749921191880642561
750057397704462336
760413947979718656
485415458971987968
602487241328328704
602753550280568833
761403359114858497
761525274965975040
530585630020235264
757525469226950656
761227902998282240
761367292286529536
761228381136392192
532100805591965696
761228435687550977
761228930594381824
761229098358153216
761229249386729473
761229421323821056
761230348260810753
761527724439511040
761530358454063105
761231539443109888
761237197563363328
761239579957395456
761184659724128257
761356307429400577
761366793172557824
761530241005129728
761371251709399040
761385210353098752
761394446243987456
761395842917945345
761402612532940800
761528173225910272
761393552844689408
761408807515795456
761412200695107584
656845677037776896
761414415287582720
761421986018885632
761368022091124736
761425618290434048
761443867707121665
761530282956554240
761452717701156867
667346884629913600
761524507383324672
761497974241308676
761524729714966528
512783389061939202
761529729295998976
485380088414736384
761517125437628416
517287341744857089
517248754160648192
728964788152373248
491244765594537985
761439061047382016
744494865593950208
761530102580641792
761520782845448192
668084440439111680
761507319138119680
590145254327787520
760480532559912960
761530345875394561
751493003102019584
761526835251294208
761529611855462401
761528026416898049
761530446538764290
628295452350246912
761443037222436865
761019722913554432
592165663164092416
728265140471103489
605535434995671040
761131945703067648
761524687742525441
761491280140472320
492015091462569984
587249527830130688
761460397471895554
64514494059122688
761284379314364416
738207926876311552
761524314470395904
592771052217970688
761480240703139840
590876619348148225
721784634615291904
741466242553282560
760035856648400896
478661039916318721
761530371041325056
689796565444128769
760578545034878976
696782375905337345
759185276958748672
761015717340721152
761136769144422400
761529708336984064
474316651123707904
462450772165132288
404601685706035200
254750910058737665
474536763998752768
760995286898446337
760916131989233664
761003654535008256
761061334616117248
761525501466861568
761525501437411331
761525501437423616
761525501458386945
757183734118428673
761291580917424128
585394651428851712
503456792077012992
469918818505342978
761525656656248834
761528865286070272
661945409628172288
761530106791723008
761358555546918912
726730595645026305
761530459104784384
761513639975219200
655351938549207040
761530522040348672
761530505267261440
761527963494088704
761506203461484544
761516856997916672
761528827545735170
761527242090504193
761527082681708544
759730846836203520
760778567198224384
621438218299404288
761529385358856192
756214824703516672
246727751799820288
761519860119592961
680811967842508800
761400964167311361
761392210675900417
761048390981398532
761527296591134721
581138800207777792
454360324674949120
761383813662568448
748048456124620800
745470884345831424
761529406334574592
761524092180701184
248105639350509568
250623303910322177
734348433201369088
755044316121141248
658953016997978112
553174305895223299
752217783014862848
761530459121553409
761523513358364677
761530316515381249
761521030309511168
727214853228744704
757956702402584577
761529385371308032
761525195257552896
759754880198189057
761073389020680192
654568165754707968
735121497950453762
748795210008633344
732405317007343616
735847196407402501
761530547193548800
761525610497740800
734828634859536384
758220675123294209
760667141343285248
761530056476942336
761529595086704640
761529536387350529
435578965361971200
636221227309383681
761526449371090944
761530605905518592
734814109968007168
756970659285041153
246545844818571264
760616914519334912
569312100247429120
434546533212909568
710204605863485441
761530094221455360
740545244698161152
761530475882045440
761023631996530689
761529456662089728
760811840611823616
667834506028564480
510168697676111872
503217607697129472
761530563958145024
433595617383047168
760169671718936576
761162668988178432
761530576536948736
558774993576669186
761524121523986433
760436190386331648
761490609018277889
760441328379371521
760441269680115712
760442112739463168
760443790452588546
760443895293489152
761530626902228992
709754292811333632
760453701584560129
761527703472398336
760520806237478912
760548404761985026
760592369481715713
755545225045512192
760643347035721728
563276358353027072
760655120447090688
761530597533622272
760660136838832128
760686506444980225
760681871705595904
712340349683781632
760696677607022593
760747554543771648
760752721897009152
761074232092598272
761262598293557248
711196063856594945
249905520088055808
761336640321097728
759683694479024128
484172179177603073
421487265714819072
761461878031683584
692629197030715392
754919128696229888
561228862726492161
560444645310595072
670965482673975296
760812650108444672
561548921701269504
562230789698379776
761526554199556096
761512243250941953
761529645422391296
483184219292979200
761526566807490560
761328046213255172
756163608074215424
339822178746900481
663481481168228352
364763049623691264
656433360181399553
761527674099687424
761495755450449921
761468555397206017
679074884258029568
761518069126750208
746183081346859008
733624471144173569
761446208120328192
761530501047939072
760124494853931008
761257435088637952
761530379404734464
761516911523983360
642312082306826240
419605373788897280
515985983423385600
735063281006563329
215118310839300097
728555696694796288
761530446542888961
761255820269006848
456790789595475968
334496356393689090
761506455103037440
761521474922393600
744628579997188096
761474582586855424
761530664642490368
761502793492467712
761520900294316034
761528584280215552
744381770380902401
761520225032376320
628657328523317248
743417831258132481
732189385857204224
760596681226330112
761370249283284992
582959690163871744
761525098796945408
761529586706505728
761530274576347137
761466693113802752
715189829785354243
731877853902442496
761455871821918208
761529997752492032
737761829078720513
761024592479531009
550081090556133376
551048611656527873
460758672474271744
258621577376194560
761530270390640648
759267791480426496
347055679611228160
546996515525234689
380288806949113857
760699068351930368
628188946401525760
761522871604609025
761530513626509312
758971971438645248
761530060666966016
753565261911904257
738241074448064512
743676594653278209
740295410976206848
761401769490546688
758407984330440705
761520237586051072
761245724608651265
755486311876886528
761530647869468673
373932406345965569
761530396202762240
732344159864901632
756435654842646529
145259459801915394
413740629504430080
144709691384143872
370191179452649472
694752940951732226
761530710788276224
525513965728976898
265867011064754177
761529553151938560
754097481349206016
761530706560294912
761527518918610945
761525543388884992
648317822334992385
628728463902547968
751393950414413824
761530769474981888
761527615362633728
698994326001491968
761530677208551424
727502657963745280
761530748520177664
682663153239461888
761423961552982016
760319710361710592
727628516448210944
758871001933369344
751369627645702144
550208798724349952
761530719172603904
761530786268844033
725446907930112000
761520841578450944
761528550696493058
678492714833342464
760282683050041345
345135296553291776
760142895277944832
761530266183606272
364381359609245696
761520459905204224
698767988762120192
520207089046519808
727244750210879489
761526025721380864
761530786281615360
758447175932141568
715101225092386817
501292979982970880
761530287167647744
761530798868750336
758824642320605184
761530782061965313
758233635505905664
479987090071908352
760499566319919105
761519415506575360
707951224440676352
452695953515220992
681643283068645376
761503577835700225
732035622655778816
752119707600318464
761032272262737921
761530740114792448
691339498907635713
689877435848990720
749961008395857924
636834715564122112
759984279279448064
54879125005025280
760023760279773184
164526485967876096
761530819814887424
761530652034490368
760415055288598529
761397810067443713
629025848453017600
758270931261231105
758552876566183936
761530689808281601
757967817278754816
761526914913824768
761529356027953153
357128220975435778
356478913347723264
759549967497240577
761530693998501892
761530803054604289
761525518244061184
758532437739577344
754113587451404288
758397150430507008
761530790446444544
761530819827511296
761530782070353921
746192216549318657
697792892803239936
701340149897007104
701350472079126529
726012929271681024
206110132826935297
528604769322295298
761530853369544704
761526524851826688
761530811443183616
761522158577352706
760838562551959552
728168822474051584
761530635278249984
761512843036467200
613071974340894720
761530853377703936
725910105888190464
759149008799477760
761528961763508226
761521189705703424
759398083356528641
761522477361049600
351473422573895683
761102581389078529
658610283619946498
753371975800807426
702629952894599168
700006390597705730
350802312962392065
739759441877291008
761506413189406720
678739792905961472
349994779410567168
761530865977466880
760605703157477377
758176131619127297
761497869383823360
761474960099422208
164844816860057600
761187218249617408
761522590586470401
346650560176480257
699870188938788865
761410682361303041
635963105646809089
761530568152612864
760587743139213312
687195971156074498
689182510950027264
715408495613358080
746804907869634560
758152903542579200
642800911685918720
759022449883131904
589096539936677888
761513212139311105
164841314586865664
758744937940656131
500974686843314178
533698067824791553
761530765280579585
761496267155345408
761498808886763520
760784233719705600
728527221556678660
629068764550565888
761530870167662592
245517321798553600
757820236515061760
313155502764859392
758496433834119169
761530907924856832
761530886932213760
761235909908000768
626712425543417856
760495049054433281
761076832544264192
336166624715472896
761417120634707969
646671826450452480
593029878540173312
591560076978094080
761525321107660800
760503789983928322
761524960363966464
761045840840445952
761404193794035712
739058137454379009
757215434638630912
760850864416456704
761530052269993984
760960943924936705
761530933082193920
518471637008916482
761526986212831232
761418165033242624
753427965577396226
759993783555457024
759192176559525890
324528098018213889
324250942604201984
760336177199054848
761524142487109632
761530895316561920
760804978747244544
757766964659892224
727692391503802368
740896828049227776
761530320684548096
761527372101263360
681453050406420480
482024678760792064
761529913874665472
761530949838442497
322406489027391488
761485701686886400
760334432376979456
749362925807230976
758661030889205762
761509290481975296
727390565193633792
759305011759157249
199126595682836480
761265425258872836
659531738658398208
727270993979277312
760721235265331201
757322041263435777
761440973654077440
761525522434256896
383930603684368385
757752402036465665
758108783667245056
761204934977032192
727193529366253568
727180048860479488
761529519585067008
738091774007218176
566597919978295297
532963125122072576
564890158785654784
759352218654875649
760341516552400896
694304569841573888
694130212641062912
761508199929290752
757141963036430336
727491475961847808
726806160251060224
726811663144361984
726811663173701633
761522280241438720
756200866068037633
761530975008399361
761511555368308736
761530975012605953
718290859100368896
759139387087003648
481396032291368960
757017669023346688
673366398756741120
306557409592225793
761528525559959552
757578598471655424
680734650046623744
761419280684417025
761531016972337152
761530962429681664
761531016976535553
761522234070532096
761521118402535424
761530496883027968
761244722157367296
588822995805736960
588824543520776192
737857111070101504
757526073206829056
614015160043212800
760481274956054528
759364910602125313
479990453912076289
164773773722124290
761492722972700672
761308697867931648
756390842860920833
756631323310223360
756388611495387136
628491296978505728
680668677805481984
761525216229007360
745595136390893568
628508250342846465
363000858960601089
761205157279391744
736740277000540160
736753174468567040
693386277291331584
481043861737717760
761530857572229120
761524893271859201
760136213764288512
753984692324478976
760011760346640384
593758047467483136
761530878551924737
474460440249262080
760079095711404032
761530446526095360
757573749839233025
474460507370688512
474460566069993472
474460624794451969
474460616393232384
761523819546828801
761530907920625664
756428063114616832
756426519640023040
622133755550003200
631105648596549632
761519486809747456
761521491707957249
413438035632881664
761529481827844096
761523274253643776
631606695958052864
711211821844148225
279210123853967360
755544956601716736
761495898069295105
679954060682739712
761520426350551040
554524204885106688
761401735923367936
756263356990828544
756359599507312641
737783249389375489
761155509319704576
761530060662767617
761530450737102848
731173588326305793
698308255294984192
759779156833951744
481016082887503872
742385743067156480
639163414091309056
761495356974727168
761297859782307841
750439284897935360
761531025335824390
736710933637169153
675749581313851393
736723843696463873
736729602496684032
736760401254350848
736829804419371008
750157658339115008
736992744728592385
761526797473353734
738212779685990400
738430958983118848
593637180217556992
346983533409099778
758941973780713472
761530878535151616
761531067291537408
761524083762814976
761530169693790212
756400611432681472
761500578904059904
164117738447577089
755062267742343173
761522565428944896
754943791241371649
761531058907217920
679609708349526016
726667966285127680
761530320713908224
744300249913622528
761530182305980416
727343337330470912
761531058907148289
755970007390097408
761529125320339456
616185422947835904
727299154536337409
761530467489165312
761525262383054848
